20000707800013
20000216000014
20000710200011
20000378800011
20000783900018
20000791200013
20000871200016
20000875300010
20000872000019
20000873800011
20000877900015
20000874600014
20000878700018
20000880300013
20000882900018
20000879500011
20000881100016
20000885200010
20000886000013
20000883700011
20000887800015
20000884500014
20000888600018
20000959500014
20001106200011
20001244100016
20001245800010
20001246600013
20001250800012
20001253200012
20001256500012
20001259900011
20000378800011
20000216000014
20000707800013
20000710200011
20000871200016
20000783900018
20000872000019
20000791200013
20000875300010
20000877900015
20000873800011
20000878700018
20000874600014
20000879500011
20000880300013
20000882900018
20000883700011
20000884500014
20000881100016
20000886000013
20000885200010
20000378800011
20000791200013
20001244100016
20001245800010
20001246600013
20001250800012
20001253200012
20001256500012
20001259900011
20001260700012
20001261500015
20001266400013
20001267200016
20001270600012
20001272200019
20001274800014
20001273000012
20001276300013
20001275500019
20001278900018
20001285400010
20001287000016
20001286200013
20001289600011
20001290400013
20001292000019
20001294600014
20001293800011
20001307600019
20001302700012
20001299500011
20001306800016
20001310000017
20001309200016
20001312600012
20001311800019
20001313400016
20001337300010
20001314200019
20001339900015
20001340700016
20001338100013
20001341500019
20001342300013
20001343100016
20001344900018
20001345600013
20001347200010
20001346400017
20001348000013
20001349800015
20001350600015
20001351400019
20001352200012
20000378800011
20000791200013
20000378800011
20000791200013
20001244100016
20001245800010
20001246600013
20001250800012
20001253200012
20001256500012
20001259900011
20001260700012
20001261500015
20001266400013
20001267200016
20001270600012
20001272200019
20001273000012
20001274800014
20001275500019
20001276300013
20001278900018
20001286200013
20001285400010
20001287000016
20001289600011
20001290400013
20001292000019
20001293800011
20001294600014
20001299500011
20001302700012
20001306800016
20001312600012
20001309200016
20001307600019
20001310000017
20001313400016
20001311800019
20001338100013
20001314200019
20001337300010
20001339900015
20001343100016
20001342300013
20001344900018
20001340700016
20001341500019
20001347200010
20001346400017
20001345600013
20001348000013
20001349800015
20001350600015
20001351400019
20001352200012
20001353000015
20001354800017
20001355500012
20001356300016
20001357100019
20001359700014
20001361300019
20001360500015
20001362100012
20001363900014
20001364700017
20001365400013
20001366200016
20001368800011
20001370400016
20001371200019
20001372000012
20001374600017
20001373800014
20001376100016
20001375300013
20001377900018
20001378700011
20001379500014
20001505500011
20001506300015
20001508900010
20001507100018
20001509700013
20001510500014
20000378800011
20000791200013
20001244100016
20001245800010
20001246600013
20001250800012
20001253200012
20001256500012
20001259900011
20001260700012
20001261500015
20001266400013
20001267200016
20001270600012
20001272200019
20001273000012
20001274800014
20001275500019
20001276300013
20001278900018
20001285400010
20001286200013
20001287000016
20001290400013
20001289600011
20001292000019
20001293800011
20001294600014
20001299500011
20001302700012
20001306800016
20001307600019
20001309200016
20001310000017
20001311800019
20001312600012
20001313400016
20001314200019
20001337300010
20001339900015
20001338100013
20001340700016
20001341500019
20001342300013
20001343100016
20001345600013
20001344900018
20001347200010
20001348000013
20001346400017
20001349800015
20001350600015
20001351400019
20001352200012
20001353000015
20001354800017
20001355500012
20001356300016
20001359700014
20001357100019
20001360500015
20001361300019
20001362100012
20001363900014
20001364700017
20001365400013
20001366200016
20001368800011
20001370400016
20001372000012
20001371200019
20001373800014
20001374600017
20001375300013
20001376100016
20001378700011
20001377900018
20001379500014
20001506300015
20001505500011
20001507100018
20001508900010
20001509700013
20001510500014
20000378800011
20000791200013
20001244100016
20001245800010
20001246600013
20001250800012
20001253200012
20001256500012
20001259900011
20001260700012
20001261500015
20001266400013
20001267200016
20001270600012
20001272200019
20001273000012
20001274800014
20001275500019
20001276300013
20001278900018
20001285400010
20001286200013
20001287000016
20001289600011
20001290400013
20001292000019
20001293800011
20001294600014
20001299500011
20001302700012
20001306800016
20001307600019
20001309200016
20001310000017
20001311800019
20001312600012
20001313400016
20001314200019
20001337300010
20001338100013
20001339900015
20001340700016
20001341500019
20001342300013
20001343100016
20001344900018
20001345600013
20001346400017
20001347200010
20001348000013
20001349800015
20001350600015
20001351400019
20001352200012
20001353000015
20001354800017
20001355500012
20001356300016
20001357100019
20001359700014
20001360500015
20001361300019
20001362100012
20001364700017
20001363900014
20001365400013
20001366200016
20001368800011
20001370400016
20001372000012
20001371200019
20001373800014
20001374600017
20001375300013
20001376100016
20001377900018
20001379500014
20001378700011
20001505500011
20001506300015
20001507100018
20001508900010
20001509700013
20001510500014
20008694000109
21150263800011
21350202400085
21510321900030
21530190400078
21600002600015
21720006200123
21800092500014
21800547800019
21975501400012
21975502200015
21750001600019
21750001600019
21750001600019
21750001600019
21750001600019
21750001600019
21750001600019
21750001600019
21750001600019
21590350100017
21590350100017
21590350100017
21590350100017
21590350100017
21590350100017
21590350100017
21590350100017
21590350100017
21590350100017
21590350100017
21590350100017
21590350100017
21590350100017
21590350100017
21590350100017
21590350100017
21590350100017
21590350100017
21590350100017
21590350100017
21590350100017
21590350100017
21590350100017
21590350100017
21590350100017
21590350100017
21590350100017
21590350100017
21590350100017
21590350100017
21590350100017
20000216000014
20000378800011
20000707800013
20000710200011
20000791200013
20000783900018
20000871200016
20000872000019
20000874600014
20000873800011
20000875300010
20000877900015
20000878700018
20000880300013
20000879500011
20000881100016
20000882900018
20000883700011
20000884500014
20000885200010
20000886000013
20000888600018
20000887800015
20000959500014
20001244100016
20001106200011
20001245800010
20001246600013
20001250800012
20001253200012
20001256500012
20001259900011
20001260700012
20001261500015
20001266400013
20001267200016
20001270600012
20001272200019
20001273000012
20001274800014
20001275500019
20001276300013
20001278900018
20001285400010
20001286200013
20001287000016
20001289600011
20001290400013
20001292000019
20001293800011
20001294600014
20001299500011
20001302700012
20001306800016
20001307600019
20001309200016
20001310000017
20001311800019
20001312600012
20001313400016
20001314200019
20001337300010
20001338100013
20001339900015
20001341500019
20001340700016
20001342300013
20001343100016
20001344900018
20001345600013
20001346400017
20001347200010
20001348000013
20001349800015
20001350600015
20001351400019
20001352200012
20001353000015
20001354800017
20001355500012
20001356300016
20001357100019
20001359700014
20001360500015
20001361300019
20001362100012
20001363900014
20001365400013
20001364700017
20001366200016
20001368800011
20001370400016
20001371200019
20001372000012
20001373800014
20001374600017
20001375300013
20001378700011
20001377900018
20001379500014
20001451200012
20001376100016
20001505500011
20001507100018
20001506300015
20001508900010
20001509700013
20001510500014
20001869500011
20002715900017
20002975900012
20003131800013
20003133400010
20000216000014
20000378800011
20000707800013
20000710200011
20000783900018
20000791200013
20000871200016
20000872000019
20000875300010
20000874600014
20000873800011
20001244100016
20001245800010
20000877900015
20001246600013
20000878700018
20000882900018
20000880300013
20000879500011
20000885200010
20000886000013
20000881100016
20000887800015
20000883700011
20000888600018
20000884500014
20000959500014
20001106200011
20001250800012
20001256500012
20001253200012
20001259900011
20001260700012
20001266400013
20001261500015
20001270600012
20001267200016
20001272200019
20001275500019
20001273000012
20001274800014
20001276300013
20001278900018
20001285400010
20001286200013
20001289600011
20001290400013
20001287000016
20001293800011
20001292000019
20001294600014
20001299500011
20001302700012
20001306800016
20001307600019
20001309200016
20001311800019
20001312600012
20001310000017
20001314200019
20001338100013
20001337300010
20001313400016
20001339900015
20001340700016
20001341500019
20001342300013
20001344900018
20001343100016
20001345600013
20001347200010
20001346400017
20001348000013
20001349800015
20001350600015
20001351400019
20001352200012
20001353000015
20001354800017
20001355500012
20001356300016
20001357100019
20001359700014
20001360500015
20001361300019
20001362100012
20001363900014
20001364700017
20001365400013
20001366200016
20001368800011
20001370400016
20001371200019
20001373800014
20001372000012
20001374600017
20001375300013
20001376100016
20001378700011
20001377900018
20001451200012
20001379500014
20001505500011
20001506300015
20001507100018
20001508900010
20001510500014
20001509700013
20001869500011
20002715900017
20002975900012
20003131800013
20003133400010
20003135900017
20003137500013
20003365200013
20003369400015
20003432000016
20003434600011
20003450200019
20003528500010
20003639000017
20003718200017
20003764600011
20004084800018
20004091300010
20004388300012
20004389100015
20004752000016
20004762900015
20004778500015
20004843700012
20004933600015
20004878300019
20004937700019
20004939300065
20004975700012
20004976500015
20004978100012
20004981500018
20005260300012
20005270200012
20005304900017
20005305600012
20005314800017
20005315500012
20005323900014
20005321300019
20005325400013
20005339500014
20005343700014
20005341100019
20005347800018
20005350200015
20005355100012
20005359300014
20005361900017
20005362700010
20005366800014
20005369200014
20005370000015
20005367600017
20005373400014
20005381700017
20005382500010
20005383300014
20005386600014
20005389000014
20005396500014
20005404700010
20005390800014
20005406200019
20005397300018
20005407000012
20005410400019
20005414600010
20005413800017
20005417900011
20005418700014
20005419500017
20005421100012
20005425200016
20005422900014
20005426000019
20005430200019
20005429400018
20005433600017
20005438500014
20005452600013
20005448400015
20005453400017
20005454200010
20005455900014
20005462500013
20005458300014
20005464100010
20005463300017
20005467400011
20001244100016
20001245800010
20001246600013
20005421100012
20006040800016
20007693300015
20008694000109
20008704700011
20009640200017
21010319800011
21010403000015
21020070500015
21020112500015
21020186900018
21020504300016
21020568800018
21020581100016
21030109900011
21030189100011
21040094100014
21050154000012
21060054000012
21070063900011
21070295700015
21080180900018
21090125200010
21120054800017
21120202300019
21120266800011
21130107200016
21130118900018
21150237200017
21160181000016
21160335200017
21170097600015
21170328500018
21170335000010
21180040400017
21200342000016
21210010100014
21210239600018
21210600900013
21220054700017
21230650000019
21240074100014
21240094900013
21240267100011
21240459400013
21250475700015
21250607500010
21250621600010
21260026600010
21260064700011
21260331000013
21270038900019
21270518000017
21270627900016
21280397700017
21280426400019
21300114200016
21300121700016
21300267800018
21300353600017
21310320300013
21310450800014
21320099100015
21330179900010
21330305000016
21330396900017
21330450400011
21330470200011
21340084900013
21340090600011
21340169800013
21340341300015
21350059800015
21350102600016
21350202400085
21350334500182
21380102000057
21380110300010
21380421400012
21380420600018
21380558300019
21390124200015
21390390900017
21390419600010
21410109900015
21410254300011
21420052900011
21420185700015
21420259000011
21430227500018
21450312000013
21470060100013
21500426800011
21500512500012
21510321900030
21510335900018
21510548700015
21520178100014
21530190400078
21540253800015
21540266000017
21550523100013
21570232500063
21570584900010
21570602900018
21580298400017
21590157000014
21590252900019
21590416000011
21610060200012
21610189900013
21620157400011
21620291100014
21620785200064
21620848800017
21630237200018
21630306500017
21630433700019
21640018400018
21640088700016
21640134900016
21640294100019
21640500100019
21650109800018
21650224500014
21650245000010
21660202900011
21670404900016
21670501200013
21680004500017
21680100100019
21680144900077
21680280100011
21690067000011
21700232800011
21700360700017
21700416700011
21710571700011
21720006200123
21720200100012
21720373600012
21730207400018
21740068800016
21760006300010
21760236600015
21760590600015
21760642500015
21770087100015
21770100200016
21760590600015
21760642500015
21770087100015
21770100200016
21770508600015
21780558900017
21790137000015
21790212100011
21800049500018
21800427300015
21800427300015
21810021200016
21810198800010
21810312500017
21840088500016
21840120600014
21850204500014
21860042700015
21860097100012
21860099700017
21860272000011
21880087800017
21880130600018
21890015700015
21890206200015
21900027000013
21910619200012
21940033000011
21950149100019
21950539300013
21750001600019
20000875300010
20000873800011
20000871200016
20000877900015
20000879500011
20000881100016
20000883700011
20004937700019
20000884500014
20004976500015
20000885200010
20005992100011
20000888600018
20008009100016
20008230300013
20008298000208
20008317800018
20007337700018
20008370700014
20008403600041
20008499400017
20008853200011
20008348300012
21010053300012
21010065700019
21020461600010
21020764300011
21030292300011
21030321000012
21040203800017
21050061700019
21050109400010
21050174800011
21060001100014
21060002900016
21050079900015
21060003700019
21060012800016
21060023500019
21060024300013
21060028400017
21060045800017
21060058100016
21060069800018
21060073000019
21060081300013
21060063100019
21060087000013
21060116700013
21060131600016
21060134000016
21060154800014
21080395300012
21110069800011
21110308000019
21110436900015
21140666500011
21140712700011
21160085300017
21170067900015
21210054900014
21220011700019
21220057000019
21220121400013
21220198200015
21220343400015
21250493000117
21280085800012
21280081700018
21280144300012
21290014600011
21290075700015
21290113600011
21290133400012
21290235700012
21290251400018
21290188800017
21310555400017
21360031500013
21310389800010
21370115400014
21350238800019
21380166500018
21380229100012
21380509600012
21400111700016
21400118200010
21400281800166
21450040700017
21410269100018
21450052200013
21450053000016
21450068800012
21450070400017
21450060500016
21450141300014
21450155300215
21450121500013
21450280900012
21450245200011
21480155700015
21480158100015
21450254400015
21510028000019
21460224500018
21510009000012
21510031400016
21510065200019
21510086800011
21510145200013
21510118900011
21520083300014
21510498500019
21540049000011
21510616200013
21540081300014
21540282700012
21540363500018
21540504400011
21540295900054
21540491400016
21550248500018
21550568600018
21550376400015
21540533300018
21590033300018
21590188500016
21590014300011
21590189300051
21590297400017
21590467300013
21590542300012
21600074500010
21600012500098
21600138800018
21600154500013
21600163600010
21600341800011
21600186700011
21600279000014
21600366500017
21600391300011
21600534800018
21600502500012
21600347500011
21600643700018
20000871200016
20000873800011
20000875300010
20000877900015
20000879500011
20000881100016
20000883700011
20000884500014
20000885200010
20004937700019
20008009100016
20008230300013
20000888600018
20005992100011
20004976500015
20007337700018
20008317800018
20008370700014
20008298000208
20008499400017
20008348300012
20008403600041
